7 40
0 3.3 4.4
1 2.5 7.4
2 5.3 -4.6
3 10.7 8.6
4 -8.4 5.3
5 4.3 7.3
6 2.1 1.7

7 10
0 3 4
1 2 7
2 5 -4
3 10 8
4 -8 5
5 4 7
6 2 1

10 10
0 0.31943890 2.29615086
1 1.22727638 2.82131700
2 3.11475237 0.10137054
3 3.33213435 0.71334089
4 6.85464191 0.62696129
5 7.36465772 2.01343701
6 8.14020191 2.09479811
7 8.93059113 1.88562411
8 9.20708976 3.03945723
9 9.55529399 8.33022108

10 10
0 3.81533266 2.46536132
1 4.23540479 2.01986895
2 4.41845563 5.53982301
3 4.70278850 2.65684219
4 4.98295144 7.29632965
5 5.03708488 7.24442443
6 5.31672492 4.15547228
7 6.10301105 5.03363240
8 8.38578546 5.53203228
9 8.42620680 2.74005778
